0.000000000000000000e+00 -2.772732734680175781e+00 0.000000000000000000e+00 -2.025782108306884766e+00
1.507537688442210991e-02 -2.415458440780639648e+00 1.507537688442210991e-02 -2.383896350860595703e+00
3.015075376884421982e-02 -2.740514278411865234e+00 3.015075376884421982e-02 -3.507091045379638672e+00
4.522613065326633319e-02 -3.262959241867065430e+00 4.522613065326633319e-02 -2.033963203430175781e+00
6.030150753768843963e-02 -1.611705064773559570e+00 6.030150753768843963e-02 -2.937596738338470459e-01
7.537688442211054607e-02 -1.111945867538452148e+00 7.537688442211054607e-02 -1.241988897323608398e+00
9.045226130653266639e-02 -3.498836755752563477e+00 9.045226130653266639e-02 -3.839138150215148926e-01
1.055276381909547728e-01 -2.743994951248168945e+00 1.055276381909547728e-01 -2.210337162017822266e+00
1.206030150753768793e-01 -2.124026775360107422e+00 1.206030150753768793e-01 -1.192410230636596680e+00
1.356783919597989996e-01 -3.810554742813110352e-01 1.356783919597989996e-01 -2.112094402313232422e+00
1.507537688442210921e-01 -3.536701440811157227e+00 1.507537688442210921e-01 -1.668958783149719238e+00
1.658291457286432125e-01 -2.647991657257080078e+00 1.658291457286432125e-01 -5.256617069244384766e-01
1.809045226130653328e-01 -2.291881084442138672e+00 1.809045226130653328e-01 -3.210078954696655273e+00
1.959798994974874253e-01 -1.871054887771606445e+00 1.959798994974874253e-01 -2.219449758529663086e+00
2.110552763819095456e-01 -1.635582089424133301e+00 2.110552763819095456e-01 -1.878611803054809570e+00
2.261306532663316382e-01 -1.558947801589965820e+00 2.261306532663316382e-01 -3.718761920928955078e+00
2.412060301507537585e-01 -2.147440671920776367e+00 2.412060301507537585e-01 -2.562491178512573242e+00
2.562814070351758788e-01 -3.335722684860229492e+00 2.562814070351758788e-01 -1.346391439437866211e+00
2.713567839195979992e-01 -1.672169804573059082e+00 2.713567839195979992e-01 -2.742608547210693359e+00
2.864321608040200640e-01 -2.234297275543212891e+00 2.864321608040200640e-01 -8.468171358108520508e-01
3.015075376884421843e-01 -1.280990004539489746e+00 3.015075376884421843e-01 -7.890548110008239746e-01
3.165829145728643046e-01 -1.789242148399353027e+00 3.165829145728643046e-01 -2.158695697784423828e+00
3.316582914572864249e-01 -1.815863609313964844e+00 3.316582914572864249e-01 -2.595492124557495117e+00
3.467336683417085452e-01 -2.754468023777008057e-01 3.467336683417085452e-01 -2.224034786224365234e+00
3.618090452261306655e-01 -2.021092653274536133e+00 3.618090452261306655e-01 -3.254286050796508789e+00
3.768844221105527303e-01 -1.007939696311950684e+00 3.768844221105527303e-01 -2.913527727127075195e+00
3.919597989949748507e-01 -1.021170496940612793e+00 3.919597989949748507e-01 -1.466657757759094238e+00
4.070351758793969710e-01 -8.551129698753356934e-01 4.070351758793969710e-01 -2.441600799560546875e+00
4.221105527638190913e-01 -2.315550565719604492e+00 4.221105527638190913e-01 1.478286236524581909e-01
4.371859296482412116e-01 -2.249509096145629883e+00 4.371859296482412116e-01 -2.417130708694458008e+00
4.522613065326632764e-01 -1.725370168685913086e+00 4.522613065326632764e-01 -1.523571372032165527e+00
4.673366834170853967e-01 -7.309913635253906250e-01 4.673366834170853967e-01 -2.597363948822021484e+00
4.824120603015075170e-01 -2.789042472839355469e+00 4.824120603015075170e-01 -7.930973172187805176e-01
4.974874371859296374e-01 -4.551292359828948975e-01 4.974874371859296374e-01 -1.331041574478149414e+00
5.125628140703517577e-01 -2.228379011154174805e+00 5.125628140703517577e-01 -3.220186471939086914e+00
5.276381909547738225e-01 -1.797219753265380859e+00 5.276381909547738225e-01 -2.018775701522827148e+00
5.427135678391959983e-01 -3.948401689529418945e+00 5.427135678391959983e-01 -3.026226997375488281e+00
5.577889447236180631e-01 -2.558149814605712891e+00 5.577889447236180631e-01 -3.016111612319946289e+00
5.728643216080401279e-01 -2.274283170700073242e+00 5.728643216080401279e-01 -2.447822093963623047e+00
5.879396984924623037e-01 -2.059642672538757324e-01 5.879396984924623037e-01 -2.895948410034179688e+00
6.030150753768843686e-01 -1.807498574256896973e+00 6.030150753768843686e-01 -1.355775833129882812e+00
6.180904522613065444e-01 3.612898588180541992e-01 6.180904522613065444e-01 1.308921873569488525e-01
6.331658291457286092e-01 -1.012049674987792969e+00 6.331658291457286092e-01 -2.463857173919677734e+00
6.482412060301506740e-01 -1.023856878280639648e+00 6.482412060301506740e-01 -7.286308407783508301e-01
6.633165829145728498e-01 -2.069009065628051758e+00 6.633165829145728498e-01 -3.001556634902954102e+00
6.783919597989949146e-01 -1.532819151878356934e+00 6.783919597989949146e-01 -7.994323372840881348e-01
6.934673366834170904e-01 -1.989436030387878418e+00 6.934673366834170904e-01 -1.172993853688240051e-01
7.085427135678391553e-01 -1.589057207107543945e+00 7.085427135678391553e-01 -1.810371041297912598e+00
7.236180904522613311e-01 -1.856141686439514160e+00 7.236180904522613311e-01 -3.053658962249755859e+00
7.386934673366833959e-01 -1.466884464025497437e-01 7.386934673366833959e-01 -4.289575219154357910e-01
7.537688442211054607e-01 -9.082294702529907227e-01 7.537688442211054607e-01 5.181520432233810425e-02
7.688442211055276365e-01 -2.491612195968627930e+00 7.688442211055276365e-01 -1.458701014518737793e+00
7.839195979899497013e-01 -9.239249825477600098e-01 7.839195979899497013e-01 -5.276264548301696777e-01
7.989949748743718771e-01 -2.828728199005126953e+00 7.989949748743718771e-01 -1.102830171585083008e+00
8.140703517587939420e-01 -7.981541752815246582e-01 8.140703517587939420e-01 -3.315414115786552429e-02
8.291457286432160068e-01 -1.094144225120544434e+00 8.291457286432160068e-01 -2.037679672241210938e+00
8.442211055276381826e-01 -1.882428884506225586e+00 8.442211055276381826e-01 -5.700300335884094238e-01
8.592964824120602474e-01 -3.234108984470367432e-01 8.592964824120602474e-01 -2.214656352996826172e+00
8.743718592964824232e-01 -1.779091596603393555e+00 8.743718592964824232e-01 -1.803252339363098145e+00
8.894472361809044880e-01 2.679103612899780273e-01 8.894472361809044880e-01 -2.832088232040405273e+00
9.045226130653265528e-01 -7.335084676742553711e-01 9.045226130653265528e-01 -2.099927186965942383e+00
9.195979899497487287e-01 -1.633766412734985352e+00 9.195979899497487287e-01 -2.191452503204345703e+00
9.346733668341707935e-01 -2.536323785781860352e+00 9.346733668341707935e-01 -4.366984367370605469e-01
9.497487437185929693e-01 -2.218449592590332031e+00 9.497487437185929693e-01 -2.212556362152099609e+00
9.648241206030150341e-01 8.319814801216125488e-01 9.648241206030150341e-01 -5.706688761711120605e-01
9.798994974874370989e-01 -7.129557132720947266e-01 9.798994974874370989e-01 -1.454262375831604004e+00
9.949748743718592747e-01 1.798016764223575592e-02 9.949748743718592747e-01 -1.042699813842773438e+00
1.010050251256281451e+00 -1.027563333511352539e+00 1.010050251256281451e+00 -8.207942247390747070e-01
1.025125628140703515e+00 -3.776508197188377380e-02 1.025125628140703515e+00 -1.703348398208618164e+00
1.040201005025125580e+00 -2.335798025131225586e+00 1.040201005025125580e+00 2.071474194526672363e-01
1.055276381909547645e+00 -2.003921985626220703e+00 1.055276381909547645e+00 -3.887291252613067627e-01
1.070351758793969710e+00 -9.019219875335693359e-01 1.070351758793969710e+00 -2.324438095092773438e+00
1.085427135678391997e+00 -2.085496425628662109e+00 1.085427135678391997e+00 -4.704500436782836914e-01
1.100502512562814061e+00 -1.164479255676269531e+00 1.100502512562814061e+00 -5.252197012305259705e-02
1.115577889447236126e+00 -2.618619203567504883e-01 1.115577889447236126e+00 -4.465409219264984131e-01
1.130653266331658191e+00 -5.713115930557250977e-01 1.130653266331658191e+00 -8.264437317848205566e-01
1.145728643216080256e+00 -1.456567168235778809e+00 1.145728643216080256e+00 -8.558135628700256348e-01
1.160804020100502543e+00 -9.070052504539489746e-01 1.160804020100502543e+00 -9.179001450538635254e-01
1.175879396984924607e+00 -3.399012088775634766e-01 1.175879396984924607e+00 -1.326162457466125488e+00
1.190954773869346672e+00 -1.643086075782775879e+00 1.190954773869346672e+00 2.739640176296234131e-01
1.206030150753768737e+00 -1.288891315460205078e+00 1.206030150753768737e+00 -5.817552804946899414e-01
1.221105527638190802e+00 -1.044554233551025391e+00 1.221105527638190802e+00 2.333287745714187622e-01
1.236180904522613089e+00 -1.122985363006591797e+00 1.236180904522613089e+00 -4.236427843570709229e-01
1.251256281407035154e+00 -8.634037971496582031e-01 1.251256281407035154e+00 -1.446347355842590332e+00
1.266331658291457218e+00 -1.106904912739992142e-02 1.266331658291457218e+00 1.699342370033264160e+00
1.281407035175879283e+00 -1.335205435752868652e+00 1.281407035175879283e+00 -3.589087128639221191e-01
1.296482412060301348e+00 -6.899812817573547363e-01 1.296482412060301348e+00 1.087407544255256653e-01
1.311557788944723635e+00 3.935499787330627441e-01 1.311557788944723635e+00 -1.455380558967590332e+00
1.326633165829145700e+00 1.095170676708221436e-01 1.326633165829145700e+00 1.524563074111938477e+00
1.341708542713567764e+00 1.626898884773254395e+00 1.341708542713567764e+00 -1.906688094139099121e+00
1.356783919597989829e+00 -1.958322376012802124e-01 1.356783919597989829e+00 -3.383488059043884277e-01
1.371859296482411894e+00 4.682213068008422852e-01 1.371859296482411894e+00 9.752855449914932251e-02
1.386934673366834181e+00 -2.076273918151855469e+00 1.386934673366834181e+00 -1.475388407707214355e-01
1.402010050251256246e+00 -1.009534478187561035e+00 1.402010050251256246e+00 -1.681445240974426270e+00
1.417085427135678311e+00 1.323905587196350098e+00 1.417085427135678311e+00 -6.002791523933410645e-01
1.432160804020100375e+00 1.082255721092224121e+00 1.432160804020100375e+00 8.904414176940917969e-01
1.447236180904522662e+00 1.339726209640502930e+00 1.447236180904522662e+00 1.760738134384155273e+00
1.462311557788944727e+00 -1.316370964050292969e+00 1.462311557788944727e+00 -1.066754534840583801e-01
1.477386934673366792e+00 8.970675468444824219e-01 1.477386934673366792e+00 1.092328548431396484e+00
1.492462311557788857e+00 4.691790938377380371e-01 1.492462311557788857e+00 5.809143781661987305e-01
1.507537688442210921e+00 1.188654661178588867e+00 1.507537688442210921e+00 9.358487725257873535e-01
1.522613065326633208e+00 1.037845492362976074e+00 1.522613065326633208e+00 -7.958232611417770386e-02
1.537688442211055273e+00 -9.260480403900146484e-01 1.537688442211055273e+00 1.969670057296752930e+00
1.552763819095477338e+00 1.059898972511291504e+00 1.552763819095477338e+00 8.295686244964599609e-01
1.567839195979899403e+00 7.357652485370635986e-02 1.567839195979899403e+00 1.955518126487731934e+00
1.582914572864321467e+00 -1.428227782249450684e+00 1.582914572864321467e+00 9.831560850143432617e-01
1.597989949748743754e+00 2.954911589622497559e-01 1.597989949748743754e+00 1.553964018821716309e+00
1.613065326633165819e+00 2.248023986816406250e+00 1.613065326633165819e+00 1.776634216308593750e+00
1.628140703517587884e+00 8.287379741668701172e-01 1.628140703517587884e+00 2.704806566238403320e+00
1.643216080402009949e+00 2.216981887817382812e+00 1.643216080402009949e+00 -1.547174602746963501e-01
1.658291457286432014e+00 1.554115891456604004e+00 1.658291457286432014e+00 8.720976710319519043e-01
1.673366834170854300e+00 1.162001863121986389e-01 1.673366834170854300e+00 6.928557753562927246e-01
1.688442211055276365e+00 -4.131740331649780273e-01 1.688442211055276365e+00 2.015589475631713867e+00
1.703517587939698430e+00 1.339579343795776367e+00 1.703517587939698430e+00 1.116569489240646362e-01
1.718592964824120495e+00 4.251471519470214844e+00 1.718592964824120495e+00 6.774728894233703613e-01
1.733668341708542560e+00 1.853330373764038086e+00 1.733668341708542560e+00 6.931185126304626465e-01
1.748743718592964846e+00 1.428729414939880371e+00 1.748743718592964846e+00 2.521647214889526367e+00
1.763819095477386911e+00 2.016192197799682617e+00 1.763819095477386911e+00 -3.673046827316284180e-01
1.778894472361808976e+00 1.784561157226562500e+00 1.778894472361808976e+00 2.447751045227050781e+00
1.793969849246231041e+00 1.318550348281860352e+00 1.793969849246231041e+00 7.132564783096313477e-01
1.809045226130653106e+00 1.341278195381164551e+00 1.809045226130653106e+00 6.867442727088928223e-01
1.824120603015075393e+00 1.579937815666198730e+00 1.824120603015075393e+00 1.687922358512878418e+00
1.839195979899497457e+00 1.858802795410156250e+00 1.839195979899497457e+00 1.281360626220703125e+00
1.854271356783919522e+00 9.687477946281433105e-01 1.854271356783919522e+00 1.434167861938476562e+00
1.869346733668341587e+00 2.893024682998657227e+00 1.869346733668341587e+00 9.433865547180175781e-01
1.884422110552763652e+00 7.536163926124572754e-01 1.884422110552763652e+00 7.455872297286987305e-01
1.899497487437185939e+00 5.421063303947448730e-01 1.899497487437185939e+00 1.509056925773620605e+00
1.914572864321608003e+00 1.740152835845947266e+00 1.914572864321608003e+00 9.444049596786499023e-01
1.929648241206030068e+00 1.969701290130615234e+00 1.929648241206030068e+00 1.815276980400085449e+00
1.944723618090452133e+00 3.382910013198852539e+00 1.944723618090452133e+00 -1.759391278028488159e-02
1.959798994974874198e+00 1.015203833580017090e+00 1.959798994974874198e+00 3.432397842407226562e+00
1.974874371859296485e+00 1.453293561935424805e+00 1.974874371859296485e+00 2.787687301635742188e+00
1.989949748743718549e+00 1.772055506706237793e+00 1.989949748743718549e+00 1.105416774749755859e+00
2.005025125628140614e+00 2.559541940689086914e+00 2.005025125628140614e+00 5.019485950469970703e-01
2.020100502512562901e+00 1.787599921226501465e+00 2.020100502512562901e+00 1.730197191238403320e+00
2.035175879396984744e+00 1.139276146888732910e+00 2.035175879396984744e+00 8.703243732452392578e-01
2.050251256281407031e+00 2.305340528488159180e+00 2.050251256281407031e+00 1.727245926856994629e+00
2.065326633165828873e+00 2.898672342300415039e+00 2.065326633165828873e+00 2.374867677688598633e+00
2.080402010050251160e+00 2.626133203506469727e+00 2.080402010050251160e+00 1.340730547904968262e+00
2.095477386934673447e+00 2.396090745925903320e+00 2.095477386934673447e+00 3.011233806610107422e+00
2.110552763819095290e+00 3.718195199966430664e+00 2.110552763819095290e+00 2.946500062942504883e+00
2.125628140703517577e+00 2.306282281875610352e+00 2.125628140703517577e+00 4.133667469024658203e+00
2.140703517587939420e+00 3.021518468856811523e+00 2.140703517587939420e+00 1.650364637374877930e+00
2.155778894472361706e+00 3.636126279830932617e+00 2.155778894472361706e+00 3.500017881393432617e+00
2.170854271356783993e+00 2.584291696548461914e+00 2.170854271356783993e+00 2.048349380493164062e+00
2.185929648241205836e+00 2.847359895706176758e+00 2.185929648241205836e+00 1.482367038726806641e+00
2.201005025125628123e+00 2.284934997558593750e+00 2.201005025125628123e+00 1.637855768203735352e+00
2.216080402010049966e+00 2.363452672958374023e+00 2.216080402010049966e+00 2.470289945602416992e+00
2.231155778894472252e+00 2.312488555908203125e+00 2.231155778894472252e+00 4.279063701629638672e+00
2.246231155778894539e+00 2.706372261047363281e+00 2.246231155778894539e+00 3.423129796981811523e+00
2.261306532663316382e+00 1.718548655509948730e+00 2.261306532663316382e+00 2.488713741302490234e+00
2.276381909547738669e+00 3.407560825347900391e+00 2.276381909547738669e+00 5.739164352416992188e+00
2.291457286432160512e+00 3.667176961898803711e+00 2.291457286432160512e+00 3.270352125167846680e+00
2.306532663316582799e+00 2.686555624008178711e+00 2.306532663316582799e+00 3.126195192337036133e+00
2.321608040201005085e+00 3.337460041046142578e+00 2.321608040201005085e+00 4.497626304626464844e+00
2.336683417085426928e+00 3.271172761917114258e+00 2.336683417085426928e+00 3.250887632369995117e+00
2.351758793969849215e+00 2.910839080810546875e+00 2.351758793969849215e+00 5.678428173065185547e+00
2.366834170854271058e+00 4.756898403167724609e+00 2.366834170854271058e+00 4.773219108581542969e+00
2.381909547738693345e+00 3.616481065750122070e+00 2.381909547738693345e+00 4.972783088684082031e+00
2.396984924623115631e+00 4.994093418121337891e+00 2.396984924623115631e+00 3.779140233993530273e+00
2.412060301507537474e+00 2.665003776550292969e+00 2.412060301507537474e+00 3.061833143234252930e+00
2.427135678391959761e+00 2.124798774719238281e+00 2.427135678391959761e+00 3.291857481002807617e+00
2.442211055276381604e+00 3.559796333312988281e+00 2.442211055276381604e+00 3.166304588317871094e+00
2.457286432160803891e+00 3.239131212234497070e+00 2.457286432160803891e+00 4.645882606506347656e+00
2.472361809045226178e+00 4.350572586059570312e+00 2.472361809045226178e+00 4.146446228027343750e+00
2.487437185929648020e+00 3.895859003067016602e+00 2.487437185929648020e+00 3.959585666656494141e+00
2.502512562814070307e+00 4.885106086730957031e+00 2.502512562814070307e+00 4.586311817169189453e+00
2.517587939698492150e+00 3.961655378341674805e+00 2.517587939698492150e+00 5.049229621887207031e+00
2.532663316582914437e+00 5.638455867767333984e+00 2.532663316582914437e+00 1.464069485664367676e+00
2.547738693467336724e+00 4.537744522094726562e+00 2.547738693467336724e+00 4.129044532775878906e+00
2.562814070351758566e+00 4.259004116058349609e+00 2.562814070351758566e+00 5.607566833496093750e+00
2.577889447236180853e+00 4.021848678588867188e+00 2.577889447236180853e+00 5.590601444244384766e+00
2.592964824120602696e+00 5.338432312011718750e+00 2.592964824120602696e+00 3.438079357147216797e+00
2.608040201005024983e+00 3.897763252258300781e+00 2.608040201005024983e+00 3.461954355239868164e+00
2.623115577889447270e+00 3.975203752517700195e+00 2.623115577889447270e+00 4.114193439483642578e+00
2.638190954773869112e+00 5.615366935729980469e+00 2.638190954773869112e+00 4.768390655517578125e+00
2.653266331658291399e+00 5.306842803955078125e+00 2.653266331658291399e+00 3.070239543914794922e+00
2.668341708542713242e+00 5.275525569915771484e+00 2.668341708542713242e+00 3.443188667297363281e+00
2.683417085427135529e+00 5.938914299011230469e+00 2.683417085427135529e+00 4.084011554718017578e+00
2.698492462311557816e+00 5.689568996429443359e+00 2.698492462311557816e+00 3.921637773513793945e+00
2.713567839195979658e+00 4.271433830261230469e+00 2.713567839195979658e+00 4.608007907867431641e+00
2.728643216080401945e+00 5.654572486877441406e+00 2.728643216080401945e+00 7.671996593475341797e+00
2.743718592964823788e+00 4.955212116241455078e+00 2.743718592964823788e+00 7.026384353637695312e+00
2.758793969849246075e+00 6.383518695831298828e+00 2.758793969849246075e+00 5.237412929534912109e+00
2.773869346733668362e+00 5.954262733459472656e+00 2.773869346733668362e+00 6.462852954864501953e+00
2.788944723618090205e+00 5.452587604522705078e+00 2.788944723618090205e+00 6.201276779174804688e+00
2.804020100502512491e+00 4.344864845275878906e+00 2.804020100502512491e+00 5.761739253997802734e+00
2.819095477386934334e+00 6.109277725219726562e+00 2.819095477386934334e+00 6.896251678466796875e+00
2.834170854271356621e+00 4.261174201965332031e+00 2.834170854271356621e+00 5.731714725494384766e+00
2.849246231155778908e+00 5.747959613800048828e+00 2.849246231155778908e+00 6.804599285125732422e+00
2.864321608040200751e+00 6.441859722137451172e+00 2.864321608040200751e+00 5.134096622467041016e+00
2.879396984924623037e+00 6.024201869964599609e+00 2.879396984924623037e+00 4.634906291961669922e+00
2.894472361809045324e+00 7.301920890808105469e+00 2.894472361809045324e+00 6.782709121704101562e+00
2.909547738693467167e+00 5.967492580413818359e+00 2.909547738693467167e+00 7.104022026062011719e+00
2.924623115577889454e+00 6.410781383514404297e+00 2.924623115577889454e+00 6.022237777709960938e+00
2.939698492462311297e+00 7.647985935211181641e+00 2.939698492462311297e+00 4.877433776855468750e+00
2.954773869346733584e+00 7.475051403045654297e+00 2.954773869346733584e+00 6.918354034423828125e+00
2.969849246231155870e+00 7.971061706542968750e+00 2.969849246231155870e+00 6.084237098693847656e+00
2.984924623115577713e+00 6.294774055480957031e+00 2.984924623115577713e+00 7.314224243164062500e+00
3.000000000000000000e+00 6.864212989807128906e+00 3.000000000000000000e+00 7.133755207061767578e+00
